[ 0.00106371017699619 0.00198970233105844 0.50000000022712 0.499999999855518 0.500000000075515 0.499999999804735 0.499999999768194 ] [ 1.05823330936995e-06 0.000530796855188726 0.499468144911502 ]
[ 0.00126937925351721 0.965249728227894 0.500000000168824 0.49999999984617 0.4999999999018 0.500000000338772 0.500000000399204 ] [ 0.000612633989737806 2.20556370207979e-05 0.499365310373241 ]
[ 0.998630958738975 0.496777162584115 0.499999999962354 0.499999999987097 0.500000000334503 0.500000000035423 0.50000000035256 ] [ 0.248048527075501 0.251266952293986 0.000684520630512331 ]
[ 0.951827248069704 0.751654707383303 0.500000000111396 0.500000000040627 0.500000000143322 0.500000000259545 0.499999999702092 ] [ 0.357722715813644 0.118190908221208 0.024086375965148 ]
[ 0.95705854976043 0.517040620885329 0.499999999805821 0.500000000283568 0.500000000206633 0.499999999984582 0.499999999992242 ] [ 0.247419073395873 0.231110201484342 0.0214707251197851 ]
[ 0.972478980376598 0.0633352316433199 0.500000000196095 0.500000000125241 0.50000000002724 0.499999999559554 0.499999999995014 ] [ 0.0307960907452057 0.455443399443093 0.0137605098117008 ]
[ 0.976710925217343 0.931240227314026 0.500000000257519 0.500000000089679 0.500000000211012 0.499999999771674 0.499999999593363 ] [ 0.454776252009746 0.0335792105989258 0.0116445373913286 ]
[ 0.911106594692934 0.550914138253658 0.500000000251834 0.49999999985388 0.499999999896759 0.499999999983756 0.500000000198286 ] [ 0.250970752236241 0.204582545110226 0.0444467026535329 ]
[ 0.930901922093875 0.363959940475784 0.499999999680379 0.499999999887627 0.499999999944559 0.499999999992981 0.500000000089811 ] [ 0.16940550407704 0.296045456969898 0.0345490389530625 ]
[ 0.94590038923915 0.0576987225370897 0.499999999959228 0.499999999777089 0.50000000002955 0.499999999896746 0.500000000385347 ] [ 0.0272886220532174 0.445661572566357 0.0270498053804251 ]
[ 0.864053868984039 0.817753599262451 0.500000000092338 0.499999999638105 0.500000000420829 0.499999999754986 0.49999999999605 ] [ 0.353291580659172 0.0787353538328474 0.0679730655079805 ]
[ 0.915483994949186 0.870113223670156 0.499999999752455 0.499999999945397 0.500000000183253 0.499999999757268 0.499999999746042 ] [ 0.398287365031835 0.0594546324427585 0.0422580025254068 ]
[ 0.899181627094333 0.492210683605576 0.500000000217836 0.49999999987878 0.500000000324547 0.500000000349603 0.500000000493895 ] [ 0.221293401678838 0.228297411868329 0.0504091864528337 ]
[ 0.911987586595805 0.245713893020465 0.499999999714516 0.49999999993052 0.500000000058537 0.49999999995705 0.49999999993292 ] [ 0.112044010144397 0.343949783153505 0.0440062067020975 ]
[ 0.999137255111314 0.0284635691241823 0.499999999947105 0.499999999809703 0.499999999986326 0.500000000069616 0.500000000484314 ] [ 0.0142195061627033 0.485349121392954 0.000431372444342992 ]
[ 0.930844407837308 0.969018346418679 0.499999999861395 0.500000000198575 0.499999999911688 0.499999999887222 0.499999999685829 ] [ 0.451002654427792 0.0144195494908626 0.0345777960813459 ]
[ 0.899829327054218 0.8350529140051 0.499999999648638 0.499999999800819 0.499999999985638 0.49999999987518 0.50000000011739 ] [ 0.375702550831936 0.0742121126951728 0.0500853364728908 ]
[ 0.871018483524018 0.592097153692252 0.499999999750661 0.499999999878248 0.500000000364441 0.499999999710609 0.500000000289582 ] [ 0.257863782453956 0.177645459308053 0.0644907582379909 ]
[ 0.864053868984039 0.425052003706319 0.500000000092338 0.499999999849403 0.50000000034344 0.499999999825244 0.500000000469201 ] [ 0.183633914160931 0.248393020331088 0.0679730655079805 ]
[ 0.904579111606189 0.147003464409613 0.500000000074622 0.499999999740522 0.500000000049811 0.499999999892173 0.500000000134535 ] [ 0.06648813161934 0.385801424183755 0.0477104441969053 ]
[ 0.978139575270566 0.0540838675001193 0.499999999866748 0.500000000073072 0.500000000281914 0.499999999871229 0.499999999931509 ] [ 0.0264507855927781 0.462619002042505 0.0109302123647171 ]
[ 0.934476760155034 0.995572461458681 0.500000000263875 0.499999999843269 0.500000000509156 0.499999999738481 0.500000000100459 ] [ 0.46516966414174 0.00206871593577658 0.032761619922483 ]
[ 0.858198860157514 0.902840047389477 0.499999999718646 0.499999999939182 0.500000000352539 0.500000000477916 0.499999999864729 ] [ 0.387408149787102 0.0416912802916546 0.0709005699212432 ]
[ 0.838309715485905 0.686541515436464 0.500000000219623 0.500000000029843 0.500000000255622 0.500000000399359 0.49999999999605 ] [ 0.287767211237402 0.13138764650555 0.0808451422570475 ]
[ 0.82198976628544 0.500073816278469 0.499999999834643 0.499999999997335 0.499999999893752 0.499999999922529 0.500000000197343 ] [ 0.205527779684103 0.205467103458617 0.0890051168572802 ]
[ 0.808221686452834 0.265675695891234 0.500000000216943 0.50000000017053 0.499999999979177 0.500000000193639 0.500000000084116 ] [ 0.107362429491372 0.296748413735045 0.0958891567735832 ]
[ 0.885386529700649 0.117761072022239 0.500000000152188 0.500000000096383 0.500000000067271 0.499999999663338 0.499999999771309 ] [ 0.052132033445799 0.390561231404526 0.0573067351496754 ]
[ 0.937412020859401 0.0535334142129049 0.499999999837503 0.50000000017221 0.500000000379454 0.499999999732748 0.499999999992885 ] [ 0.0250914330004113 0.443614577429289 0.0312939895702994 ]
[ 0.886654255806146 0.957072599082162 0.499999999835828 0.499999999968957 0.49999999975967 0.500000000086766 0.49999999994025 ] [ 0.424296246545824 0.0190308813572488 0.0566728720969268 ]
[ 0.807912162819529 0.867187660102516 0.500000000347351 0.500000000195198 0.500000000288067 0.499999999909697 0.500000000049543 ] [ 0.350305729021915 0.0536503523878492 0.0960439185902354 ]
[ 0.790132495632038 0.699269766309608 0.500000000061618 0.500000000274551 0.500000000193068 0.499999999986535 0.500000000283362 ] [ 0.276257882787121 0.118808365028898 0.104933752183981 ]
[ 0.765895348842061 0.611567354516143 0.499999999882844 0.50000000018181 0.49999999982986 0.499999999650354 0.500000000022725 ] [ 0.234198296163779 0.148749378257252 0.117052325578969 ]
[ 0.749737142945361 0.377368275994609 0.499999999851804 0.500000000091618 0.5000000000373 0.500000000142271 0.500000000346236 ] [ 0.141463506541207 0.233405064931473 0.12513142852732 ]
[ 0.795181654870945 0.309661845592909 0.50000000025584 0.50000000007212 0.499999999762757 0.499999999799869 0.500000000467915 ] [ 0.12311870941448 0.274472118020992 0.102409172564528 ]
[ 0.877242076370384 0.0531030955497418 0.500000000140681 0.500000000037699 0.500000000217584 0.500000000018748 0.499999999898456 ] [ 0.0232921349008752 0.415328903284317 0.061378961814808 ]
[ 0.942781132694479 0.0207047727697321 0.500000000062406 0.499999999723145 0.49999999996047 0.50000000000274 0.499999999746042 ] [ 0.00976003456201493 0.461630531785225 0.0286094336527604 ]
[ 0.899181627094333 0.964225665852119 0.500000000251737 0.500000000017953 0.499999999852114 0.500000000290994 0.499999999870828 ] [ 0.433507001553512 0.0160838119936539 0.0504091864528337 ]
[ 0.86023860825106 0.864596332428583 0.499999999924401 0.500000000064798 0.500000000112195 0.499999999675625 0.499999999979281 ] [ 0.371879572853668 0.0582397312718625 0.0698806958744699 ]
[ 0.777300414238101 0.750844884107969 0.499999999916239 0.500000000024996 0.500000000184628 0.500000000206057 0.500000000296158 ] [ 0.291816019722841 0.0968341873962088 0.11134979288095 ]
[ 0.669437456993936 0.659658989915669 0.499999999868535 0.499999999930054 0.499999999767738 0.499999999787068 0.499999999545892 ] [ 0.220800218346167 0.113918510150801 0.165281271503032 ]
[ 0.723046481061812 0.520684571406192 0.499999999956315 0.499999999955017 0.499999999890549 0.500000000155942 0.500000000327933 ] [ 0.188239573549212 0.173283666981694 0.138476759469094 ]
[ 0.689118971163823 0.291027084561584 0.499999999925681 0.500000000161864 0.500000000169891 0.500000000440397 0.499999999844706 ] [ 0.100276142546943 0.244283343034969 0.155440514418088 ]
[ 0.732355541271508 0.127015427874018 0.500000000014307 0.500000000129521 0.500000000244764 0.49999999981713 0.499999999798851 ] [ 0.0465102262152543 0.3196675444205 0.133822229364246 ]
[ 0.84976216406244 0.0847093551679154 0.500000000351976 0.499999999960712 0.500000000017223 0.500000000181819 0.500000000300932 ] [ 0.0359914024819108 0.388889679549309 0.0751189179687799 ]
[ 0.986060670796838 0.00727103488265635 0.500000000144731 0.500000000290065 0.500000000022624 0.499999999889255 0.500000000232003 ] [ 0.00358484076688966 0.489445494631529 0.00696966460158088 ]
[ 0.826249262817058 0.905213989560244 0.499999999716743 0.499999999588084 0.500000000087275 0.499999999853353 0.499999999911521 ] [ 0.37396619578292 0.0391584356256092 0.0868753685914708 ]
[ 0.820934835343095 0.892408958564168 0.500000000362531 0.500000000067705 0.499999999864887 0.500000000372961 0.499999999837786 ] [ 0.366304800728789 0.0441626169427583 0.0895325823284526 ]
[ 0.701355258011347 0.885872980697515 0.499999999977715 0.499999999758333 0.500000000087309 0.50000000037989 0.50000000014593 ] [ 0.310655836471193 0.0400217925344801 0.149322370994326 ]
[ 0.603571343699159 0.847304924741058 0.500000000130296 0.499999999968747 0.500000000314771 0.500000000324576 0.500000000039701 ] [ 0.255704485974438 0.0460811858751418 0.198214328150421 ]
[ 0.549813986108356 0.378984775904743 0.500000000072903 0.500000000147082 0.499999999979666 0.500000000229837 0.500000000308357 ] [ 0.104185565157284 0.170721427896893 0.225093006945822 ]
[ 0.64000823390303 0.441637266732801 0.499999999947265 0.499999999782898 0.499999999888598 0.499999999988264 0.499999999557569 ] [ 0.141325743553711 0.178678373397804 0.179995883048485 ]
[ 0.608154298737702 0.241628710320225 0.499999999711061 0.499999999796043 0.499999999622315 0.499999999838946 0.50000000000299 ] [ 0.0734737694398458 0.230603379929005 0.195922850631149 ]
[ 0.727558196174886 0.218650190257452 0.499999999841022 0.499999999537093 0.500000000016382 0.500000000274415 0.49999999996726 ] [ 0.0795403690085036 0.28423872907894 0.136220901912557 ]
[ 0.808685383761912 0.0690525360683911 0.500000000393518 0.499999999666128 0.500000000183305 0.500000000130892 0.499999999856596 ] [ 0.0279208883151001 0.376421803565856 0.0956573081190442 ]
[ 0.951068383277192 0.0157494674719901 0.500000000335763 0.500000000025908 0.499999999883474 0.50000000014405 0.500000000492988 ] [ 0.00748941028303116 0.468044781355565 0.0244658083614041 ]
[ 0.795854609984774 0.98587942731323 0.50000000015464 0.500000000406343 0.500000000038855 0.500000000183322 0.499999999910145 ] [ 0.392308343558191 0.00561896143419555 0.102072695007613 ]
[ 0.646994870193681 0.970014729506609 0.500000000116449 0.500000000016366 0.500000000161933 0.500000000360628 0.500000000321538 ] [ 0.313797277001544 0.0097001580952968 0.176502564903159 ]
[ 0.656060637715251 0.861003587352745 0.499999999824633 0.500000000052639 0.49999999979172 0.49999999987842 0.499999999882459 ] [ 0.28243528129688 0.0455950375607453 0.171969681142375 ]
[ 0.460146045373394 0.836232418204865 0.499999999733587 0.499999999971464 0.499999999810154 0.499999999979916 0.499999999681932 ] [ 0.192394520124999 0.0376785025616977 0.269926977313303 ]
[ 0.514351448294015 0.593205263370697 0.500000000159815 0.500000000133435 0.500000000274356 0.499999999920069 0.500000000102743 ] [ 0.152557993175175 0.104617730971832 0.242824275852992 ]
[ 0.416733964847922 0.534137941881597 0.500000000163331 0.500000000070768 0.500000000017116 0.499999999669607 0.500000000309925 ] [ 0.111296711148014 0.0970702712759476 0.291633017576039 ]
[ 0.511018639485145 0.378180105582556 0.500000000074354 0.499999999908407 0.49999999986453 0.499999999944654 0.499999999697011 ] [ 0.0966285415175732 0.158880778225 0.244490680257427 ]
[ 0.461615940771203 0.129046093837002 0.49999999996361 0.499999999899197 0.500000000324792 0.500000000069655 0.499999999813785 ] [ 0.0297848670047083 0.201023103380893 0.269192029614399 ]
[ 0.4937069515366 0.0855923245125457 0.499999999824248 0.499999999883334 0.500000000088634 0.499999999736042 0.499999999888396 ] [ 0.0211287628050102 0.22572471296329 0.2531465242317 ]
[ 0.768139804159387 0.0766745398993065 0.50000000002733 0.499999999980605 0.499999999902912 0.499999999608392 0.49999999993814 ] [ 0.0294483830311322 0.354621519048561 0.115930097920307 ]
[ 0.764474237609485 0.035860794725603 0.500000000057054 0.499999999962671 0.499999999969355 0.499999999731842 0.500000000382171 ] [ 0.0137073268539628 0.36852979195078 0.117762881195258 ]
[ 0.697545978414473 0.997178709831684 0.499999999839931 0.500000000253781 0.500000000069459 0.499999999811153 0.500000000265009 ] [ 0.347788999401812 0.000983989805424405 0.151227010792763 ]
[ 0.689898216099008 0.974720969259458 0.499999999990045 0.499999999926612 0.49999999971994 0.50000000039099 0.499999999840606 ] [ 0.336229128943198 0.00871997910630613 0.155050891950496 ]
[ 0.491105549546561 0.780642781056134 0.500000000006445 0.499999999805095 0.49999999945673 0.500000000264194 0.500000000072999 ] [ 0.191689000995064 0.0538637737782163 0.254447225226719 ]
[ 0.455372230743298 0.777988128539535 0.500000000327653 0.499999999947691 0.499999999977842 0.49999999953099 0.499999999919748 ] [ 0.177137094792426 0.0505490205792232 0.272313884628351 ]
[ 0.38953666983225 0.778350377720276 0.500000000252543 0.499999999919831 0.49999999996254 0.4999999997817 0.500000000013121 ] [ 0.151598007049915 0.0431703278662099 0.305231665083875 ]
[ 0.340025430501724 0.507619397570356 0.500000000177973 0.500000000214309 0.500000000095506 0.499999999964137 0.500000000370536 ] [ 0.0863017520949431 0.0837109631559191 0.329987284749138 ]
[ 0.318653673532953 0.53612566340741 0.500000000073815 0.500000000007322 0.500000000024247 0.500000000329262 0.499999999556287 ] [ 0.0854192060600315 0.0739076307064453 0.340673163233523 ]
[ 0.37462772474511 0.111971280253897 0.500000000335763 0.500000000161325 0.500000000094609 0.500000000216841 0.499999999738852 ] [ 0.0209737729791573 0.166340089393398 0.312686137627445 ]
[ 0.431145697629284 0.129338450241701 0.499999999947309 0.500000000117748 0.500000000158345 0.499999999876979 0.500000000384327 ] [ 0.0278818581798742 0.187690990634768 0.284427151185358 ]
[ 0.560867781299592 0.0197070874755947 0.4999999998369 0.500000000138391 0.500000000227681 0.499999999715329 0.50000000002429 ] [ 0.00552653521415689 0.274907355435639 0.219566109350204 ]
[ 0.656321576186836 0.0665700428319643 0.499999999889159 0.49999999993488 0.500000000363171 0.500000000089568 0.500000000173424 ] [ 0.02184567771915 0.306315110374268 0.171839211906582 ]
[ 0.590218418215753 0.0482371843256717 0.499999999929623 0.499999999905002 0.499999999882228 0.500000000134556 0.499999999514054 ] [ 0.0142352373159398 0.280873971791937 0.204890790892123 ]
[ 0.80792770131949 0.986126244606093 0.499999999711061 0.499999999937988 0.4999999999181 0.500000000063944 0.499999999781414 ] [ 0.398359355007711 0.00560449565203408 0.0960361493402548 ]
[ 0.221207747734597 0.905550244644107 0.499999999735873 0.50000000000414 0.500000000103413 0.500000000118131 0.499999999874236 ] [ 0.100157365039118 0.0104465088281803 0.389396126132702 ]
[ 0.186040043980033 0.81803414346855 0.500000000275405 0.500000000047033 0.50000000024908 0.500000000317962 0.4999999995452 ] [ 0.076093554014029 0.0169264679759877 0.406979978009983 ]
[ 0.00354849200415056 0.227608830560533 0.499999999778645 0.500000000038896 0.499999999877077 0.499999999934152 0.500000000402744 ] [ 0.000403834057659056 0.00137041194441622 0.498225753997925 ]
[ 0.0192022670245598 0.160776227403955 0.500000000156816 0.500000000256075 0.500000000107044 0.499999999645607 0.499999999716605 ] [ 0.00154363402490605 0.00805749948737386 0.49039886648772 ]
[ 0.212247538312651 0.685107608266943 0.499999999814677 0.499999999954195 0.500000000258858 0.499999999815336 0.499999999966374 ] [ 0.0727062016669633 0.0334175674893622 0.393876230843675 ]
[ 0.226143406021528 0.395819000458709 0.500000000036359 0.499999999970062 0.499999999914038 0.499999999983909 0.499999999961266 ] [ 0.0447559284658846 0.0683157745448794 0.386928296989236 ]
[ 0.212247538312651 0.488756810488876 0.500000000034392 0.499999999843699 0.5000000002677 0.499999999934152 0.500000000387545 ] [ 0.0518687149299034 0.054255054226422 0.393876230843675 ]
[ 0.211821791694006 0.208180877838639 0.49999999983923 0.499999999669491 0.499999999557499 0.499999999750074 0.500000000023798 ] [ 0.0220486232701058 0.0838622725768972 0.394089104152997 ]
[ 0.28573735930949 0.163939010606885 0.499999999783244 0.500000000083628 0.500000000034955 0.500000000124049 0.500000000441523 ] [ 0.0234217499893109 0.119446929665434 0.357131320345255 ]
[ 0.362325675647521 0.141969852327083 0.5000000001848 0.499999999844631 0.500000000082615 0.499999999977433 0.500000000284206 ] [ 0.0257196613329946 0.155443176490766 0.318837162176239 ]
[ 0.383445043794061 0.0549517010305448 0.500000000156444 0.500000000288312 0.499999999819823 0.499999999960328 0.50000000029725 ] [ 0.0105354787041077 0.181187043192923 0.308277478102969 ]
[ 0.444194141173379 0.0514102405376955 0.5000000001376 0.499999999669995 0.500000000047402 0.500000000062607 0.500000000352454 ] [ 0.0114180638215792 0.21067900676511 0.27790292941331 ]
[ 7.78460417495547e-05 0.978514969328898 0.499999999856132 0.499999999814803 0.500000000042622 0.499999999769059 0.499999999825636 ] [ 3.80867585774708e-05 8.36262297306538e-07 0.499961076979125 ]
[ 0.000767865368549364 0.977047040944395 0.499999999830234 0.499999999955521 0.500000000220818 0.500000000417648 0.499999999987353 ] [ 0.000375120293092417 8.81239118226522e-06 0.499616067315725 ]
[ 0.000412384758725487 0.867376528590533 0.500000000367854 0.500000000026899 0.500000000058414 0.499999999767925 0.500000000312008 ] [ 0.000178846430233479 2.73459491292647e-05 0.499793807620637 ]
[ 0.0136680899895474 0.803678559076529 0.499999999792544 0.49999999997398 0.499999999865402 0.499999999733065 0.499999999815361 ] [ 0.00549237543406388 0.00134166956070981 0.493165955005226 ]
[ 0.00321129171886225 0.708400097545004 0.499999999985135 0.499999999849146 0.500000000251342 0.500000000238622 0.500000000192337 ] [ 0.00113743968344374 0.000468206175987385 0.498394354140569 ]
[ 0.000306887604382772 0.355902729657113 0.500000000097915 0.499999999793324 0.500000000317382 0.499999999772478 0.499999999931182 ] [ 5.46110680488804e-05 9.88327341425055e-05 0.499846556197809 ]
[ 0.00101950895718245 0.537420817571148 0.499999999759563 0.500000000259767 0.50000000029902 0.500000000202025 0.499999999882459 ] [ 0.00027395266864505 0.000235801809946174 0.499490245521409 ]
[ 0.00253780480361331 0.454408526111987 0.500000000465888 0.500000000093993 0.500000000043368 0.499999999880974 0.499999999970711 ] [ 0.000576600070184921 0.000692302331621732 0.498731097598193 ]
[ 0.000327418305764937 0.385808211136707 0.500000000140577 0.500000000008203 0.500000000138926 0.50000000017976 0.500000000359796 ] [ 6.31603354202909e-05 0.000100548817462178 0.499836290847118 ]
